A1=[0 9 0;1 -1 1;0 -14.28 0];
B1=[-9;0;0];
C=[1 0 0;0 1 0;0 0 1];
D=[0;0;0];